6	1	4	1	189.18	3056424581	106310	28750.11364	241.3533867	440.4744489	3971101384	4050523376	4050523376	4050523376	10	4355	-999	-999	3.791428726
5	2	2	2	130.56	19101353833	38041757	502.1154473	642486.4626	59.21020787	77869931554	79945392646	81416458657	83778536537	16	40375	0.172060072	0.165010127	0.212273528
5	4	6	2	123.6	94635415870	31825299	2973.590786	1252307.584	25.4133245	2.18309E+11	2.17987E+11	2.1362E+11	2.11763E+11	17	7829	0.647114441	0.551151485	0.676881576
-999	-999	4	2	-999	293000000	14872	19701.45239	-999	-999	-999	-999	-999	-999	-999	3	-999	-999	-999
-999	-999	5	1	-999	-999	-999	-999	1957.875422	-999	-999	-999	-999	-999	-999	0	-999	-999	0.0001
4	4	5	2	33.69	15278077447	2862427	5337.455749	28077.3656	101.947848	36089108511	37461287688	38986449579	39849634194	5	17651	0.021956241	0.016962008	1.330920229
4	1	5	1	79.65	3154057987	76177	41404.33447	545.8387407	139.5595335	-999	-999	-999	-999	10	3623	0.000548064	0.000369537	-999
5	1	2	1	85.56	4.21E+11	9770526	43103.33629	71036.34078	137.5426421	6.22607E+11	6.37385E+11	6.44969E+11	6.55789E+11	9	117594	0.028750034	0.021157084	6.552230905
6	4	4	2	63.24	4.5E+11	44780675	10041.46201	2786021.977	16.07333875	1.01085E+12	1.03782E+12	1.01207E+12	9.90177E+11	11	1018986	0.294235655	0.182579933	2.261532447
5	3	2	2	55.29	13672802158	2957728	4622.738182	29949.08986	98.75852701	33187468759	35676528915	37531708419	40384118259	12	66694	0.020473086	0.023021293	1.240646743
-999	4	2	2	333.33	636000000	-999	-999	239.7529457	-999	-999	-999	-999	-999	-999	0	-999	-999	0.0001
-999	-999	6	-999	-999	-999	-999	-999	12392791.7	-999	-999	-999	-999	-999	-999	0	-999	-999	0.0001
-999	-999	6	-999	-999	-999	-999	-999	8322.393769	-999	-999	-999	-999	-999	-999	0	-999	-999	0.0001
-999	1	4	1	259.44	1727759259	97115	17790.85887	472.174145	205.6762341	1835521960	1893259104	2033155752	2127705673	-999	119	-999	-999	2.03100512
2	1	2	1	49.44	1.39E+12	25203200	55258.08585	7712950.678	3.267646981	1.17534E+12	1.20316E+12	1.23854E+12	1.26203E+12	10	27430	0.286363349	0.235375717	4.839739087
4	1	5	1	28.05	4.46E+11	8858775	50381.08988	83066.20436	106.6471626	4.69057E+11	4.80673E+11	4.92304E+11	5.00244E+11	10	68414	0.135004491	0.071358131	5.481224875
5	4	2	2	60.66	48047647059	10047719	4781.945739	85695.11907	117.2496066	1.38939E+11	1.39153E+11	1.41241E+11	1.44374E+11	8	45879	0.058234126	0.044215987	1.40257511
-999	2	6	2	28.59	3012334882	11530577	261.2475405	26417.8907	436.4684951	8333811187	8375481077	8510320717	8667121392	-999	550	0.007976446	0.00694528	0.073471463
4	1	5	1	15.45	5.3E+11	11455519	46231.57715	30907.55255	370.6381791	5.66227E+11	5.77007E+11	5.85591E+11	5.93815E+11	2	240066	0.097928635	0.047761592	5.068822573
5	2	6	2	46.23	14390709095	11801151	1219.432672	115974.0394	101.7568334	32196993426	34023063768	36301676625	38794036239	-999	2705	0.054434314	0.059460325	0.299368617
-999	-999	4	1	-999	-999	25983	-999	362.5174247	71.67379616	-999	-999	-999	-999	-999	150	-999	-999	-999
5	2	6	2	68.82	15745810235	20321383	774.8394996	273989.004	74.16860789	37127513623	39413493483	42101342974	44496319544	19	2406	0.1189523	0.129831321	0.200698286
5	3	2	2	-999	3.03E+11	163046173	1855.739688	138990.814	1173.071574	6.19293E+11	6.64404E+11	7.16651E+11	7.75077E+11	4	391589	0.145531553	0.115391949	0.42555802
4	4	5	2	60.24	67927179737	7000039	9703.828755	111227.3951	62.93448652	1.46043E+11	1.51164E+11	1.55826E+11	1.6108E+11	10	31863	0.118176565	0.089130352	2.193243883
5	1	2	1	15.12	38574069149	1641164	23504.0917	666.3632017	2462.867091	68567742400	71181343281	72574492642	73895035617	13	78533	-999	-999	4.359994095
6	1	4	1	142.83	12827000000	389486	32933.14779	13502.26813	28.84596841	13470395241	13479375208	13690429864	13936755693	10	5923	-999	-999	3.503139779
4	4	5	2	52.89	20047848435	3300998	6073.268882	51088.37052	64.61349162	45253785841	46212469927	47929841187	49167690622	13	35389	0.030617426	0.024413325	1.428081656
-999	-999	4	-999	-999	-999	-999	-999	-999	-999	-999	-999	-999	-999	-999	0	-999	-999	0.0001
4	4	5	2	42.72	63080457023	9452409	6673.47943	205719.441	45.94805895	1.69342E+11	1.7363E+11	1.79098E+11	1.81287E+11	6	88909	0.29041608	0.158654549	1.860259204
6	4	4	2	211.5	1879613600	390351	4815.188382	22072.8185	17.68469215	2622345672	2671291731	2727119315	2734388532	9	2886	-999	-999	0.688812457
-999	1	4	1	915	5573710000	62508	89167.9465	104.462936	598.3749107	-999	-999	-999	-999	-999	188	-999	-999	-999
6	3	4	2	136.44	40895322865	11513102	3552.068145	1085967.382	10.60170148	90489007176	94285208356	98267459884	1.00446E+11	7	140037	0.206779914	0.129200609	0.83271962
6	4	4	2	40.44	1.84E+12	211049519	8717.186609	8534193.459	24.72987284	2.97832E+12	3.01772E+12	3.05747E+12	3.09222E+12	5	5273954	0.281512815	0.195197424	1.438728122
-999	1	4	1	15	5209000000	287021	18148.49785	240.7259299	1192.31443	4497911405	4519281463	4493054574	4488735151	-999	222	-999	-999	1.567740914
-999	1	2	1	28.53	13469000000	433296	31084.98578	5792.843949	74.79849342	25551541320	25891019750	25904544646	26906819923	8	147	0.002827774	0.001279255	6.015167786
-999	3	2	2	200.16	2446674102	763094	3206.255195	36423.65025	20.95050866	7938147353	8307416844	8558935579	8558935579	-999	331	0.016110851	0.011417027	1.093031637
-999	-999	6	-999	-999	-999	-999	-999	72.06998159	-999	-999	-999	-999	-999	-999	0	-999	-999	0.0001
5	4	6	2	113.67	18340510789	2303703	7961.317405	580409.0336	3.969102593	36971917288	38045584113	39749578669	40928605205	-999	5609	-999	-999	1.68962411
5	2	6	2	282.27	2220307369	4745179	467.9080323	623047.5481	7.616078443	4013558817	4195263791	4354240946	4483573904	16	4858	0.232023203	0.243551508	0.089810297
3	1	3	1	51.15	1.74E+12	37411038	46414.7942	9877930.679	3.787335548	1.72262E+12	1.77724E+12	1.81303E+12	1.84305E+12	16	203688	1.246786666	0.504294679	4.781974969
-999	-999	2	-999	-999	-999	-999	-999	-999	-999	-999	-999	-999	-999	-999	0	-999	-999	0.0001
4	1	5	1	20.67	7.03E+11	8544527	82284.53551	40890.62477	208.9605392	5.57418E+11	5.67449E+11	5.83056E+11	5.88472E+11	11	86167	0.054788609	0.040092901	6.71890722
6	1	4	2	69.81	2.82E+11	18952035	14896.45622	756873.2385	25.03990634	4.31948E+11	4.37082E+11	4.54344E+11	4.59135E+11	3	494478	0.153005282	0.128111161	2.351343466
2	4	2	2	49.41	1.43E+13	1433783692	10003.53325	9479589.667	151.2495522	1.85954E+13	1.9887E+13	2.12297E+13	2.25266E+13	9	253112	8.344210354	5.226204949	1.433945069
5	3	6	2	54.15	58792000000	25716554	2286.153891	323620.8633	79.46506827	1.09959E+11	1.18051E+11	1.26071E+11	1.3471E+11	11	20342	0.093691053	0.125405681	0.475171788
5	3	6	2	65.64	38760467033	25876387	1497.90877	467790.8085	55.316151	84327759128	87320624933	90867942646	94518304215	-999	21570	0.160958308	0.200716574	0.344942506
5	2	6	2	197.55	47320000000	86790568	545.2205359	2341034.301	37.07359946	83167671599	86267287184	91289010441	95291603469	7	11065	0.934053682	0.881114783	0.102550191
5	3	6	2	82.44	10821000000	5380504	2011.149885	342582.6359	15.70571137	17947684013	17624446004	17906437141	17745279207	-999	5156	0.108136652	0.130886638	0.330934827
-999	-999	2	2	-999	363000000	-999	-999	231.4857425	-999	-999	-999	-999	-999	-999	0	-999	-999	0.0001
6	4	4	2	114.03	3.24E+11	50339443	6432.387583	1142088.29	44.07666503	6.90702E+11	7.00091E+11	7.17701E+11	7.41545E+11	10	974139	0.161428591	0.161607329	1.41541059
-999	2	6	2	81.57	1185728677	850891	1393.514183	1573.40883	540.7946006	2377220187	2467927827	2552596610	2621906231	-999	504	-999	-999	0.294387027
5	3	6	2	381.12	1977000000	549936	3594.963778	3803.042577	144.6042186	3443232724	3570702549	3732496854	3944045537	12	7901	-999	-999	0.667826695
6	4	4	2	51.87	61773944174	5047561	12238.37496	51863.90788	97.32319075	91089316437	94605544822	97122407363	99146302301	16	97922	0.004520732	0.00361687	1.891822461
6	4	4	2	48.48	1E+11	11333484	8825.441497	111634.1327	101.5234653	-999	-999	-999	-999	9	6305	-999	-999	-999
-999	1	4	2	28.23	3128000000	163423	19140.51266	604.1036335	270.5214651	4152785279	4080536557	3992146786	3992146786	-999	0	-999	-999	2.480926095
-999	-999	2	-999	-999	-999	-999	-999	364.8891819	-999	-999	-999	-999	-999	-999	0	-999	-999	0.0001
-999	1	4	1	909.18	5485419417	64948	84458.63486	349.5039164	185.829105	4270223843	4400010857	4544136436	4544136436	-999	235	-999	-999	6.835663751
-999	-999	2	1	-999	24564647935	875899	28045.06905	5872.322224	149.1571761	31104814563	32461369545	33778207944	34869274568	11	2839	0.002506384	0.002694421	3.77365617
4	1	5	1	21.36	2.46E+11	10649800	23144.96474	78152.86257	136.268841	3.90766E+11	4.07775E+11	4.1938E+11	4.30141E+11	6	193946	0.186496425	0.098754282	3.868762406
4	1	5	1	22.35	3.85E+12	83019213	46322.16919	355933.9282	233.2433253	4.27638E+12	4.38179E+12	4.44872E+12	4.47382E+12	5	380762	1.077131492	0.524938747	5.294171765
5	3	6	2	72.39	3318716359	973557	3408.856759	21540.51768	45.19654609	4375698707	4612122077	4999893743	5373401727	8	5499	9.14E-05	1.00E-04	0.497174697
-999	4	4	2	202.8	596033333.3	71808	8300.375074	834.0144337	86.09922934	866718860.9	807786936.2	826079838.7	872866358.9	-999	33	-999	-999	1.174469417
4	1	5	1	33.33	3.48E+11	5806081	59950.59636	42463.12318	136.7323118	3.11113E+11	3.17448E+11	3.25039E+11	3.32729E+11	14	36373	0.07269855	0.035442995	5.538718822
6	4	4	2	34.56	88941298258	10738957	8282.116993	48287.90541	222.394343	1.68096E+11	1.75941E+11	1.88226E+11	1.97801E+11	12	121973	-999	-999	1.699569206
5	4	6	2	39.57	1.7E+11	43053054	3948.343279	2309639.71	18.64059308	4.71933E+11	4.78068E+11	4.84761E+11	4.88639E+11	12	54839	0.268940835	0.358176514	1.116878826
6	4	4	2	56.58	1.07E+11	17373657	6183.825604	257058.6048	67.58636621	1.90499E+11	1.95011E+11	1.97525E+11	1.97631E+11	14	166367	0.052609578	0.033555809	1.123347321
5	3	6	2	17.91	3.03E+11	100388076	3020.029988	985125.393	101.9038558	1.01963E+12	1.06227E+12	1.11872E+12	1.18089E+12	8	105705	-999	-999	1.091141583
-999	2	6	2	215.37	2065001626	3497117	590.486857	121875.9789	28.69406286	-999	-999	-999	-999	-999	452	0.016475316	0.016387387	-999
-999	-999	6	2	-999	14800000000	582458	25344.31667	270215.9815	2.155527578	-999	-999	-999	-999	-999	766	-999	-999	-999
-999	1	5	1	23.61	1.39E+12	46937060	29701.82433	504422.1876	93.0511408	1.79213E+12	1.84395E+12	1.8873E+12	1.92466E+12	21	0	0.415817084	0.403715758	3.967035527
4	1	5	1	50.19	31386949981	1324820	23691.4826	44551.8965	29.73655678	42132994721	44555137203	46676477891	48699663978	9	4127	0.055504683	0.035489375	3.435641706
5	2	6	2	116.13	96107662398	112078727	857.501374	1135661.481	98.69026012	1.96318E+11	2.15094E+11	2.29755E+11	2.48782E+11	13	90490	0.224007766	0.206337088	0.198509903
4	1	5	1	52.68	2.69E+11	5517919	48706.98562	333312.8598	16.5547738	2.53672E+11	2.61537E+11	2.658E+11	2.68404E+11	11	13849	0.277878084	0.172055229	4.754565061
-999	4	2	2	186.81	5535548972	889955	6220.032443	18525.86092	48.03852321	11177226755	11783674124	12199191151	12328900312	-999	33	-999	-999	1.33402791
-999	1	4	1	915	165000000	3372	48784.10439	11811.88587	0.285475159	-999	-999	-999	-999	-999	13	-999	-999	-999
4	1	5	1	20.34	2.72E+12	67012883	40522.33172	547218.1308	122.4610064	2.93015E+12	2.9973E+12	3.05103E+12	3.09706E+12	18	931511	0.669763469	0.483667495	4.504934825
-999	-999	5	1	-999	2833300519	48677	58206.14499	1270.656874	38.30853238	-999	-999	-999	-999	9	488	0.000119607	0.00011871	-999
-999	3	2	2	915	402000000	-999	-999	735.2845147	-999	379690362.3	389874363.8	390699546.9	390699546.9	-999	0	-999	-999	-999
5	4	6	2	165.78	16657960228	2172578	7667.37039	266017.449	8.167050725	30838360831	30986311651	31245296783	32305796574	-999	8884	0.071313849	0.094361829	1.442707303
4	1	5	1	17.04	2.83E+12	66647112	42419.14015	243934.7222	273.2169959	2.98065E+12	3.03705E+12	3.07777E+12	3.12112E+12	8	762542	0.399655007	0.235441717	4.58256295
5	4	2	2	63.09	17743195770	3996762	4439.392631	69257.15527	57.70901193	48322420425	50662483514	53129713418	55858887584	10	19857	0.039177771	0.037890899	1.300887474
-999	-999	5	1	-999	2740000000	64468	42532.72942	160.4504963	401.7937089	-999	-999	-999	-999	7	259	-999	-999	-999
5	3	6	2	41.46	66983634224	30417858	2202.115423	239368.8299	127.0752671	1.34552E+11	1.45509E+11	1.54623E+11	1.64641E+11	17	47461	0.105840418	0.120290599	0.492577185
-999	1	5	2	15	-999	33706	-999	99.7207027	338.0040361	-999	-999	-999	-999	13	608	0.000101276	0.000106016	-999
5	2	6	2	68.82	13590281809	12771246	1064.131237	245640.0571	51.9917075	26473802996	29210696888	31016250648	32746017301	-999	2407	0.103887292	0.128889692	0.233819723
-999	-999	4	2	-999	-999	-999	-999	1424.149024	-999	-999	-999	-999	-999	-999	0	-999	-999	0.0001
5	2	6	2	50.34	1764000000	2347696	751.3749651	10578.40015	221.9329924	4377521957	4588632823	4889051833	5181182670	-999	3655	0.002485042	0.0028621	0.202713525
-999	2	6	2	93.18	1340389411	-999	-999	34455.52239	-999	3322925819	3519615667	3653361063	3821419107	-999	0	0.011914655	0.016985178	-999
5	4	6	1	158.07	11026774945	1355982	8131.947876	27188.55223	49.87326978	30169337714	28459489607	26650507938	25164393411	-999	5074	0.005389663	0.00799059	2.036231467
4	1	5	1	39.69	2.1E+11	10724599	19567.42266	132701.9164	80.81721266	3.08204E+11	3.12843E+11	3.18895E+11	3.24861E+11	12	26469	0.077822059	0.064799859	2.948367678
-999	4	4	2	481.38	1228170370	112002	10965.61106	362.6090082	308.878151	1721612314	1798099078	1872561109	1931103305	-999	27	-999	-999	1.63465291
-999	1	4	2	915	3051626390	56660	53858.56671	2120494.783	0.026720179	-999	-999	-999	-999	-999	16	0.0001428	0.000202779	-999
6	3	4	2	74.91	76710385880	17581476	4363.136854	109920.9263	159.9465779	1.29878E+11	1.33805E+11	1.38107E+11	1.43418E+11	8	102219	0.004689477	0.004214469	0.775258943
-999	-999	4	2	-999	-999	-999	-999	83743.61522	-999	-999	-999	-999	-999	-999	0	-999	-999	0.0001
2	1	2	1	915	5920000000	167295	35386.59255	480.901691	347.8777537	-999	-999	-999	-999	13	3886	-999	-999	-999
6	4	4	2	161.37	4280443645	782775	5468.293756	210449.9263	3.719530882	6825162594	6968491240	7254199489	7594848842	14	3796	-999	-999	0.914780817
-999	1	2	-999	15.06	3.66E+11	-999	-999	800.0649289	-999	4.26229E+11	4.42388E+11	4.55047E+11	4.4964E+11	-999	0	-999	-999	-999
-999	-999	6	-999	-999	-999	-999	-999	372.1724575	-999	-999	-999	-999	-999	-999	0	-999	-999	0.0001
6	3	4	2	78.66	25095395475	9746115	2574.912719	112430.5504	86.68564699	50021631004	52444135530	54382853396	55825500608	10	90232	-999	-999	0.545535633
4	1	5	2	28.86	60415553039	4076246	14821.3707	57763.45741	70.56790198	1.06356E+11	1.09695E+11	1.12651E+11	1.15958E+11	8	26863	0.042041848	0.031786267	2.72714472
6	2	4	2	40.02	8498981821	11263079	754.5877838	27585.25572	408.300692	19144575941	19369195430	19656611006	19472847244	11	8976	-999	-999	0.172340151
4	1	5	1	28.32	1.61E+11	9772756	16471.00956	92957.82496	105.1310743	2.77055E+11	2.89032E+11	3.03755E+11	3.18724E+11	13	50180	0.157088024	0.104322069	3.040508566
2	3	2	2	60.57	1.12E+12	270625567	4135.569278	1898207.042	142.5690459	2.75448E+12	2.89413E+12	3.04374E+12	3.19668E+12	9	368842	0.380605493	0.324690501	1.098291542
-999	1	5	1	217.32	6770532819	84589	80040.34589	432.4194504	195.6179351	-999	-999	-999	-999	-999	348	-999	-999	-999
5	3	2	2	27.63	2.88E+12	1366417756	2104.145897	3083568.841	443.128669	7.73602E+12	8.28094E+12	8.78769E+12	9.22918E+12	10	7651107	3.19597508	2.452172887	0.622683481
-999	-999	2	2	-999	-999	-999	-999	123.1360054	-999	-999	-999	-999	-999	-999	0	-999	-999	0.0001
4	1	5	1	29.34	3.89E+11	4904240	79257.68546	71462.44118	68.62681878	3.47304E+11	3.75592E+11	4.06278E+11	4.28825E+11	11	52256	0.038498837	0.03205762	7.942103898
5	4	2	2	107.7	4.59E+11	82913893	5529.833221	1621439.359	51.13598145	1.13022E+12	1.17267E+12	1.17267E+12	1.17267E+12	5	539670	1.017707112	1.010100062	1.401520252
5	4	2	2	41.04	2.34E+11	39309789	5955.108101	444955.6785	88.34540359	4.2257E+11	4.12028E+11	4.09706E+11	4.27737E+11	13	434598	0.06988111	0.077058609	1.063373704
4	1	5	1	89.88	24188035739	356991	67755.30963	101725.028	3.509372343	18250473881	19080137302	19807934443	20187984702	10	4193	0.000414779	0.000441177	5.415159649
5	1	2	1	17.25	3.95E+11	8519373	46376.4958	22223.81882	383.3442429	3.2793E+11	3.39528E+11	3.51255E+11	3.63598E+11	8	306503	0.008195926	0.011067075	4.056375208
4	1	5	1	21.57	2E+12	60359546	33155.39173	299878.4625	201.2800302	2.48801E+12	2.5295E+12	2.54969E+12	2.55737E+12	7	434597	0.377999814	0.333923369	4.193444495
6	4	4	2	43.83	16458071068	2948277	5582.267564	11038.00869	267.1022539	27756927225	28035430606	28579564152	28779621101	8	8374	-999	-999	0.959471779
-999	-999	5	1	-999	4960000000	107796	46012.83907	161.1064444	669.0980017	-999	-999	-999	-999	-999	522	-999	-999	-999
5	4	2	2	26.7	43743661972	10101697	4330.32806	87957.28794	114.8477544	94244536958	96238499622	98105807729	1.00068E+11	6	41082	0.020427368	0.021115264	0.961860092
2	1	2	1	19.14	5.08E+12	126860299	40057.99752	372179.5223	340.8578156	5.07039E+12	5.18033E+12	5.19707E+12	5.23107E+12	8	93933	0.542353558	0.250146092	4.075121896
5	4	2	2	190.98	1.8E+11	18551428	9711.475644	2717281.481	6.827201425	4.30809E+11	4.48473E+11	4.6686E+11	4.87869E+11	7	145966	0.890195795	0.724879021	2.471522303
5	3	6	2	51.21	95503088538	52573967	1816.547124	588615.9515	89.31794469	1.93889E+11	2.03207E+11	2.16046E+11	2.27639E+11	8	45647	0.011530873	0.008436341	0.399808131
5	3	2	2	92.97	8455000000	6415851	1317.829856	196278.1673	32.68754283	29864829305	31280403475	32455892922	33918725105	12	53459	0.071532954	0.085228123	0.496893751
-999	3	2	2	63.93	27089389787	16486542	1643.121389	181680.3596	90.74476755	58870636423	62890960722	67588392994	72356150510	-999	286	0.095458663	0.097527553	0.396848139
-999	3	2	2	915	194647201.9	-999	-999	617.672893	-999	253515984.6	255776100.4	261692605.2	267573795.7	-999	0	-999	-999	-999
-999	1	4	2	457.92	1051000000	52834	19892.49347	354.0853497	149.2126123	-999	-999	-999	-999	-999	19	-999	-999	-999
2	1	2	1	-999	1.64E+12	51225321	32061.93671	100556.5028	509.4182831	2.04139E+12	2.10589E+12	2.16201E+12	2.20597E+12	12	25424	0.328881926	0.172954911	4.155791526
5	1	2	1	35.34	1.35E+11	4207077	32032.02579	17552.63931	239.6834416	2.16475E+11	2.06275E+11	2.08846E+11	2.09707E+11	7	117718	0.003288993	0.002221313	4.999332071
-999	3	2	2	197.82	18174000000	7169456	2534.920362	229462.6872	31.24453952	47209839790	50463792572	53616750150	56110940844	-999	23	0.205007928	0.125415866	0.723211508
5	4	2	2	18.78	53367042272	6855709	7784.321399	10043.15466	682.6250545	1.08106E+11	1.09026E+11	1.06926E+11	1.00898E+11	14	64336	0.018792864	0.017590196	1.549640331
5	2	6	2	111.21	3070518100	4937374	621.8929536	95930.56718	51.46820398	6955202194	7126900130	7214030141	7049676851	11	1384	0.021182965	0.032872753	0.143526748
5	4	6	2	62.67	52076250948	6777453	7683.749478	1617783.153	4.189345766	68767756473	87115614621	1.00299E+11	1.02842E+11	13	50906	0.068628962	0.091301182	1.324333015
-999	4	4	2	181.83	2122000000	182795	11608.63262	599.9335041	304.6921013	2613334534	2704509821	2775894339	2823885067	-999	36	-999	-999	1.493151312
-999	1	5	1	43.62	6552858739	38378	170745.1857	167.7152596	228.8283135	-999	-999	-999	-999	-999	249	0.000275414	0.00012324	-999
5	3	2	2	29.49	84008783756	21323734	3939.684473	66282.51004	321.7098144	2.60531E+11	2.69854E+11	2.78776E+11	2.85142E+11	14	5811	0.021819348	0.020984001	1.282963167
5	3	6	2	100.5	2460072444	2125267	1157.535709	30355.24333	70.0131762	5898602445	5820641492	5794293028	5882134594	-999	1833	0.004878138	0.004521225	0.275208616
4	1	5	2	34.38	54219315600	2794184	19404.34689	64671.12099	43.20605484	91762296687	95659970670	99146543699	1.03043E+11	15	8344	0.120001303	0.048349021	3.485921278
4	1	5	1	15.63	71104919108	613894	115826.0532	2470.510068	248.4887667	66089784365	67280181469	69373157754	70966644734	10	12626	0.005796823	0.002947822	11.14645885
4	1	5	2	42.39	34117202555	1919968	17769.67249	63982.03679	30.00792248	53313408831	55332554898	57703458134	58971458025	17	3609	0.092458411	0.039928055	2.933914522
-999	1	2	-999	15	54500000000	-999	-999	114.4474759	-999	71907472285	79017384059	83317938863	79392947869	-999	0	-999	-999	-999
-999	-999	4	1	-999	-999	-999	-999	-999	-999	-999	-999	-999	-999	-999	0	-999	-999	0.0001
5	3	6	2	33.63	1.19E+11	36471766	3255.265445	411431.8707	88.6459426	2.53551E+11	2.64289E+11	2.72192E+11	2.78452E+11	12	179003	0.084840457	0.097124402	0.73240522
-999	1	5	1	15	7188238073	33085	217265.7722	-999	-999	-999	-999	-999	-999	13	271	-999	-999	-999
4	3	5	2	46.02	11955435457	4043258	2956.881667	33621.54385	120.2579518	30662887771	32101220496	33482047410	34639280089	9	67958	0.039081982	0.028648529	0.809281993
5	2	6	2	269.07	14083906357	26969306	522.2198286	593046.2404	45.47589069	38981286238	40514543473	42363944369	44397413699	11	16810	0.096725733	0.076795061	0.154117043
5	4	2	2	380.64	5729248472	530957	10790.41895	614.5265481	864.0098653	8360782008	8929621693	9544767008	10042621984	11	11271	-999	-999	1.736383205
6	4	4	2	35.67	1.26E+12	127575529	9863.072699	1949911.373	65.42632182	2.41884E+12	2.47008E+12	2.52284E+12	2.51916E+12	4	860714	0.442412193	0.343474626	1.946085437
-999	4	2	2	915	221278000	-999	-999	610.9406403	-999	210956018.8	219513754.7	227470585.6	227470585.6	-999	0	-999	-999	-999
4	4	5	2	54.48	12695000000	2077132	6111.792606	24562.83426	84.56401968	31985122234	32331128567	33210582760	34389752355	10	24196	0.030903993	0.015945118	1.587725117
5	2	6	2	132.39	17510141171	19658023	890.737648	1253498.722	15.68252337	39481378378	41620690041	43556296285	45751533619	16	3411	0.272859496	0.294536824	0.216718002
5	1	5	1	15.3	14786156563	493559	29958.23511	400.0278521	1233.811589	18265663108	19447669386	20870115454	21785081410	11	4871	-999	-999	4.070867382
2	3	2	2	80.34	76085852617	54045422	1407.813091	669496.2634	80.72550207	2.37798E+11	2.53029E+11	2.70109E+11	2.7791E+11	8	38502	0.302450271	0.286418692	0.480542781
4	4	5	2	65.91	5494736901	622182	8831.398049	13141.50197	47.34481657	11665181545	12215365676	12835648189	13300402410	8	15892	0.003846928	0.002840868	2.009725362
-999	3	2	2	262.5	13852850259	3225166	4295.236357	1558144.393	2.069876203	33437836058	35222426053	37774864818	39701068597	-999	327	0.05612208	0.04429218	1.132780418
-999	1	2	1	915	1323000000	57213	23124.11515	713.7057204	80.16329191	-999	-999	-999	-999	-999	88	-999	-999	-999
5	2	6	2	98.46	14934159926	30366043	491.8046097	789787.3727	38.44837744	35449309349	36775580596	38036311363	38882192393	16	11190	0.065685894	0.039100657	0.122787972
-999	-999	6	2	-999	7593752450	4525698	1677.918511	1042758.462	4.340121099	21008752479	21743465320	22203397805	23520172729	-999	7621	0.01104556	0.0109015	0.48874112
-999	-999	4	2	-999	64000000	4991	12823.08155	-999	-999	-999	-999	-999	-999	-999	13	-999	-999	-999
-999	3	4	2	400.77	-999	-999	-999	1315.37547	-999	-999	-999	-999	-999	-999	0	-999	-999	0.0001
-999	4	6	2	49.11	14180444557	1269670	11168.60645	1856.929955	683.746846	26086842378	27081834229	28100089010	29097862582	18	419	-999	-999	2.173136094
5	2	6	2	65.37	7666704427	18628749	411.5522962	118444.0759	157.278858	17628557559	18333705241	18914884288	19741320787	16	5861	0.001368065	0.00116148	0.10013886
2	4	2	2	57.12	3.65E+11	31949789	11414.83337	328669.5345	97.20946315	7.83888E+11	8.28897E+11	8.682E+11	9.05795E+11	10	22225	0.1409504	0.079338418	2.650079867
-999	-999	6	2	-999	903000000	-999	-999	482.4699071	-999	-999	-999	-999	-999	-999	0	-999	-999	0.0001
5	4	6	2	175.32	12366527719	2494524	4957.46993	826318.1291	3.018842153	24209407230	24147364352	24316003292	24040235997	7	12367	0.036488815	0.042530214	0.969253161
-999	1	2	1	90.45	2682347064	282757	9486.403747	19250.3659	14.68839613	-999	-999	-999	-999	-999	27	-999	-999	-999
5	2	6	2	121.74	12928145120	23310719	554.6008735	1188189.083	19.61869481	23900151654	25094664230	26852435533	28417553927	20	1212	0.164906859	0.186140851	0.111820666
-999	-999	2	-999	-999	-999	-999	-999	108.2031519	-999	-999	-999	-999	-999	-999	0	-999	-999	0.0001
5	3	6	2	33.12	4.48E+11	200963603	2229.858652	912346.0935	220.2712375	9.8278E+11	9.907E+11	1.00975E+12	1.03205E+12	10	61630	0.480888893	0.504157135	0.499503077
6	3	4	2	110.43	12520915291	6545503	1912.903453	128686.6032	50.86390374	36638024881	38334872386	36820293365	35392214642	-999	5434	-999	-999	0.562162317
-999	-999	2	2	-999	7600000	-999	-999	116.9529466	-999	-999	-999	-999	-999	-999	0	-999	-999	0.0001
4	1	5	1	15.21	9.09E+11	17282163	52601.65612	37739.42808	457.9338871	9.21362E+11	9.48181E+11	9.7281E+11	9.90423E+11	6	244103	0.172362272	0.071990722	5.544409933
4	1	5	1	90.69	4.03E+11	5328212	75698.25743	322060.6561	16.54412577	3.24594E+11	3.32135E+11	3.36419E+11	3.40303E+11	8	16603	0.174444545	0.108642834	6.256561734
5	2	2	2	91.86	30641380604	28608715	1071.050573	145375.1919	196.7922768	79118596098	85624913440	91362635001	97749990903	13	139129	0.104708717	0.061452082	0.309220578
-999	1	2	2	915	118223430.1	-999	-999	-999	-999	145931311	137544454.1	145931311	145931311	-999	0	-999	-999	-999
2	1	2	1	47.07	2.07E+11	4783062	43262.82318	268903.8958	17.78725439	1.92815E+11	1.98913E+11	2.06397E+11	2.10878E+11	7	1556	0.032732214	0.020362469	4.228478629
5	1	2	1	83.82	76983094928	4974992	15474.01381	310515.5964	16.02171375	1.35232E+11	1.357E+11	1.38093E+11	1.38784E+11	15	111033	0.12455981	0.10687258	2.752817842
5	3	2	2	39.21	2.78E+11	216565317	1284.702047	873846.0293	247.8300636	9.00373E+11	9.50382E+11	1.00585E+12	1.0158E+12	7	324744	0.512189303	0.455062222	0.447024621
-999	-999	4	2	-999	66800800000	4246440	15731.01233	74941.39591	56.66347615	1.18439E+11	1.25071E+11	1.29688E+11	1.33587E+11	8	125739	0.012192973	0.01142447	2.983593047
-999	-999	2	2	-999	-999	-999	-999	-999	-999	-999	-999	-999	-999	-999	0	-999	-999	0.0001
6	4	4	2	110.79	2.27E+11	32510462	6977.693852	1299227.362	25.02291974	3.83597E+11	3.93259E+11	4.08899E+11	4.17691E+11	16	874118	0.187370162	0.165786786	1.233022466
2	3	2	2	37.74	3.77E+11	108116622	3485.083993	298288.2149	362.456901	7.98735E+11	8.54095E+11	9.08258E+11	9.63122E+11	11	360775	0.040237534	0.036307625	0.814909479
-999	4	2	2	915	283994900	-999	-999	613.0526365	-999	329754518.5	318154002.8	323580178.5	323580178.5	-999	0	-999	-999	-999
-999	3	2	2	486.3	24969611435	8776119	2845.176944	466133.6702	18.82747281	35477977480	36733020769	36455872872	38506077513	-999	581	0.042453728	0.034645164	0.419242688
4	1	5	2	24.27	5.92E+11	37972812	15594.43111	310318.8445	122.3670837	1.09117E+12	1.14505E+12	1.20629E+12	1.25632E+12	8	192539	0.771217548	0.368001775	3.093545655
6	1	4	1	22.95	1.05E+11	2933404	35790.70595	9037.980242	324.5641085	1.17665E+11	1.14269E+11	1.08945E+11	1.10239E+11	12	58643	-999	-999	3.844661505
-999	2	2	2	40.5	17487000000	-999	-999	121798.0241	-999	-999	-999	-999	-999	-999	0	0.193388772	0.093896672	0.0001
4	1	5	1	30.09	2.38E+11	10276617	23128.82495	92549.01726	111.0397204	3.29252E+11	3.40797E+11	3.49784E+11	3.57355E+11	9	103897	0.058191109	0.051977433	3.350295683
6	4	4	2	64.23	38145288940	7044639	5414.796832	401330.5436	17.55320922	82400656509	86486123430	89385101984	89358362973	14	56073	0.002910309	0.002251101	1.233669479
6	4	2	2	76.26	16277000000	4981422	3267.540875	6080.593798	819.2328193	-999	-999	-999	-999	15	59595	0.007962898	0.008644084	-999
2	1	2	1	915	3447543138	279285	12344.1758	4855.473196	57.51962553	-999	-999	-999	-999	-999	4548	-999	-999	-999
5	1	2	1	20.46	1.83E+11	2832071	64781.6417	11506.30774	246.1320403	2.5498E+11	2.59008E+11	2.62876E+11	2.62394E+11	6	129944	-999	-999	9.174009774
-999	-999	6	2	-999	27100000000	-999	-999	2539.012935	-999	-999	-999	-999	-999	-999	0	-999	-999	0.0001
4	4	5	2	37.44	2.5E+11	19414458	12880.99024	236945.4504	81.93640337	4.97249E+11	5.32611E+11	5.56242E+11	5.78934E+11	10	186254	0.279869376	0.199378894	2.787918859
4	4	5	2	87.15	1.7E+12	145872260	11653.18889	16776366.12	8.695104705	3.75031E+12	3.81878E+12	3.91564E+12	3.96818E+12	5	1431635	6.941290369	3.419444901	2.64836274
5	2	6	2	38.73	10122472590	12626938	801.6569488	25581.9406	493.5879649	22758059882	23665375199	25693415259	28110378118	12	4997	0.007366202	0.00569069	0.198439298
5	1	2	1	187.14	7.93E+11	34268529	23139.79798	1918304.531	17.86396709	1.57759E+12	1.56589E+12	1.60401E+12	1.60932E+12	3	342968	0.573976626	0.568030504	4.637499815
5	3	6	2	230.97	18902284476	42813237	441.5056137	1878268.596	22.79399075	1.70739E+11	1.78052E+11	1.73919E+11	1.69475E+11	17	13724	0.276411316	0.308431351	0.404188435
5	2	6	2	60.75	23578084052	16296362	1446.831143	196936.9144	82.74914862	45995086774	49402166473	52553805637	55324017823	9	15459	0.042241921	0.046083194	0.31184119
2	1	2	1	15	3.72E+11	5804343	64100.71346	494.4606011	11738.7371	5.10686E+11	5.32833E+11	5.51152E+11	5.55194E+11	12	57921	-999	-999	9.259725699
-999	-999	6	-999	-999	17743000000	-999	-999	3787.168944	-999	-999	-999	-999	-999	-999	0	-999	-999	0.0001
-999	-999	6	-999	-999	18500000	-999	-999	360.4027705	-999	-999	-999	-999	-999	-999	0	-999	-999	0.0001
-999	-999	5	-999	-999	-999	-999	-999	59772.49296	-999	-999	-999	-999	-999	-999	0	-999	-999	0.0001
-999	3	2	2	545.22	1425074226	-999	-999	27734.28915	-999	1433867956	1486829577	1544142576	1585741546	-999	0	-999	-999	-999
5	2	6	2	69.72	3941474311	7813207	504.4630599	73097.32538	106.8877276	11803480030	12300546132	12724442956	13426000049	7	2336	0.024594155	0.032352514	0.16079975
6	3	4	2	25.65	27022640000	6453550	4187.251978	20171.07724	319.9407708	52817198695	54005555165	55318408878	56636294133	9	31975	0.00192252	0.001961259	0.847508181
-999	1	5	1	15	1637931034	34453	47541.02791	88.87478646	387.6577528	1970281234	1981900416	2005138779	2005138779	15	775	0.000106742	0.000100698	5.777769142
5	2	6	2	129.81	917044228	15442906	59.38287962	635240.6281	24.31032481	-999	-999	-999	-999	17	3890	0.143086105	0.11066608	-999
-999	-999	4	-999	-999	-999	-999	-999	252.9177292	-999	-999	-999	-999	-999	-999	0	6.75E-05	5.34E-05	0.0001
4	4	5	2	25.08	51409167351	6963764	7382.382193	78723.95483	88.45800512	1.13754E+11	1.16085E+11	1.21184E+11	1.26258E+11	7	36608	0.096746994	0.064392818	1.713446187
5	2	6	2	212.07	11997800760	11062114	1084.584805	628519.2432	17.60027894	-999	-999	-999	-999	-999	2847	0.220021575	0.218762162	-999
-999	3	6	-999	57.6	429000000	215048	1994.903463	865.5682022	248.4472043	780683395.9	810905101.7	832456489.6	852435440.7	-999	933	-999	-999	0.380901058
6	4	4	2	140.73	3985250737	581363	6855.012681	147956.6084	3.929280391	9161281619	9322731242	9566874573	9493040904	13	5144	-999	-999	1.614478748
4	1	5	1	34.92	1.06E+11	5450421	19439.9662	48374.44466	112.671495	1.63143E+11	1.68113E+11	1.74664E+11	1.78853E+11	12	31400	0.09962212	0.049703671	3.140913159
4	1	5	1	29.01	53742159517	2080908	25826.30252	19760.17083	105.3081989	72242997156	75734777837	78853700983	80780090523	8	14479	0.025033606	0.015030838	3.695641116
4	1	5	1	51.36	5.31E+11	10230185	51888.88654	445736.3406	22.95120246	5.17153E+11	5.30433E+11	5.40777E+11	5.47238E+11	9	106380	0.327147149	0.156675213	5.218871211
5	3	6	2	45.36	4700000000	1148133	4097.086313	17269.06699	66.48494679	9363925377	9553541387	9778146083	9975069967	14	5800	0.002482759	0.002221052	0.842034042
-999	-999	4	-999	-999	980000000	42389	23119.20545	117.5022118	360.7506561	-999	-999	-999	-999	12	756	-999	-999	-999
-999	1	6	2	915	1698843063	97741	17381.06898	735.8233461	132.832154	2501550154	2611017884	2709023535	2836567463	-999	149	-999	-999	2.726122875
5	3	2	2	32.67	16628000000	17070132	974.0990872	187173.265	91.19962726	-999	-999	-999	-999	13	5180	0.12291242	0.136156385	-999
-999	1	4	2	691.62	1022312010	38194	26766.29863	1147.792964	33.276036	906823377	945594300.7	995541400	995541400	8	698	-999	-999	2.515775042
-999	2	6	2	204.57	11314951343	15946882	709.5400432	1273842.015	12.51872823	24566297102	23832085167	24397867877	25190111031	11	1399	0.192466866	0.246666572	0.153613668
5	2	6	2	45.45	5459979417	8082359	675.5427984	56954.854	141.9081682	11187454168	11674937853	12248194527	12898884148	9	2104	0.027172334	0.029129801	0.148500799
2	4	2	2	56.04	5.44E+11	69625581	7808.193028	516980.9778	134.6772589	1.15856E+12	1.20567E+12	1.25572E+12	1.2855E+12	17	3709	0.413423745	0.326124526	1.761372276
5	3	2	2	91.83	8116626794	9321023	870.7871222	142268.4231	65.51715974	25493863087	27435856244	29438673829	31502698437	6	10574	0.047362718	0.045386649	0.305414684
-999	-999	2	2	-999	-999	-999	-999	-999	-999	-999	-999	-999	-999	-999	0	-999	-999	0.0001
-999	4	2	2	370.41	40761142857	-999	-999	487980.0624	-999	76796067931	81787812382	86858656702	86858656702	-999	0	0.049295559	0.046001741	-999
-999	3	2	2	115.95	1673540300	1293120	1294.187933	15400.01198	83.96876587	4091330216	3935914957	3905220416	4038552153	-999	29	0.003449826	0.002638364	0.308769057
-999	3	2	2	915	450353313.9	-999	-999	1165.661301	-999	627839594.9	644791264	646725600.6	646725600.6	-999	0	-999	-999	-999
6	1	4	1	42.03	24100202834	1394969	17276.51499	4741.009316	294.2346043	37471763820	36605373316	36515611926	36514745910	10	5333	-999	-999	2.636393622
5	3	6	2	34.41	38797709924	11694721	3317.540446	154969.351	75.46473494	1.18974E+11	1.21255E+11	1.24485E+11	1.25783E+11	13	44450	0.047240494	0.06537868	1.048544516
5	4	2	2	37.71	7.54E+11	82003882	9199.707255	777938.9388	105.4117205	2.10803E+12	2.26551E+12	2.32955E+12	2.35E+12	5	351413	0.556358167	0.524769267	2.759957684
-999	4	2	2	915	47271463.33	-999	-999	122.6931693	-999	42638912.76	44384557.4	45494171.34	49932627.08	-999	0	-999	-999	-999
-999	-999	2	-999	-999	5.75E+11	23773881	24182.21072	36073.07785	659.0477558	-999	-999	-999	-999	-999	543	0.018591134	0.013047314	-999
-999	2	6	2	96.81	63177068175	58005461	1089.157246	944621.0855	61.40606206	1.25742E+11	1.34275E+11	1.41586E+11	1.49785E+11	-999	509	0.047682222	0.037187416	0.23764478
5	2	6	2	54.66	34387229486	44269587	776.7686987	242961.6312	182.2081403	82202322950	85406362066	90663191956	96562956402	11	10904	0.06273098	0.050994167	0.200382959
4	3	5	2	34.17	1.54E+11	43993643	3495.529323	598556.538	73.49956138	4.92212E+11	5.0435E+11	5.21525E+11	5.38388E+11	12	309107	0.783183718	0.537261097	1.168621004
-999	-999	2	-999	-999	-999	-999	-999	-999	-999	-999	-999	-999	-999	-999	0	-999	-999	0.0001
6	1	4	2	36.18	56045912952	3461731	16190.14099	177282.4838	19.52663865	71434828367	73285946716	74473240331	74638661585	9	2623	0.029518672	0.014231241	2.122006859
3	1	4	1	28.8	2.14E+13	329064917	64955.02186	9491621.76	34.66898759	1.90628E+13	1.94854E+13	2.00558E+13	2.05238E+13	7	8273304	6.192919362	3.628460013	6.011562306
5	3	2	2	128.49	57921286440	32981715	1756.163572	445950.3631	73.9582647	2.02117E+11	2.11135E+11	2.22634E+11	2.35021E+11	7	64010	0.111483654	0.094336205	0.660144389
-999	-999	5	1	-999	13100000	815	16073.61963	-999	-999	-999	-999	-999	-999	-999	26	-999	-999	-999
-999	4	4	-999	418.17	-999	110593	-999	601.7140604	183.7966025	1331513347	1344833245	1373923722	1378628423	-999	68	-999	-999	1.227224765
6	4	4	2	97.53	2.08E+11	28515829	7306.082527	915742.0889	31.13958542	-999	-999	-999	-999	12	87644	0.007120876	0.008405111	-999
-999	1	4	1	297.63	-999	30033	-999	234.460872	128.0938681	-999	-999	-999	-999	-999	72	-999	-999	-999
-999	1	4	-999	285.78	2360000000	104579	22585.79638	587.7046905	177.9448109	-999	-999	-999	-999	-999	1337	-999	-999	-999
2	3	2	2	26.1	2.62E+11	96462108	2715.27598	327581.7115	294.467318	6.33738E+11	6.7691E+11	7.24806E+11	7.75669E+11	20	1141	0.111492376	0.100380108	0.728556158
-999	3	2	2	915	917058850.8	-999	-999	12946.44039	-999	853449490.1	891109365.4	916055009.4	942717342.8	-999	0	-999	-999	-999
-999	-999	2	2	-999	-999	-999	-999	119.850002	-999	-999	-999	-999	-999	-999	0	-999	-999	0.0001
-999	3	2	2	83.37	850655017.2	-999	-999	3004.348511	-999	1256130232	1268886983	1241376299	1284487785	-999	0	-999	-999	-999
-999	-999	2	-999	-999	-999	-999	-999	202.8306487	-999	-999	-999	-999	-999	-999	0	6.65E-05	7.59E-05	0.0001
-999	-999	5	-999	-999	-999	-999	-999	370602.0744	-999	-999	-999	-999	-999	-999	0	0.029421762	0.022232879	0.0001
-999	-999	4	-999	-999	-999	-999	-999	-999	-999	-999	-999	-999	-999	-999	0	-999	-999	0.0001
-999	-999	5	2	-999	7926108374	1798506	4407.051394	10912.99613	164.8040537	18095476279	18860124253	19579754776	20396555506	11	17139	0.011401903	0.007449117	1.069386352
-999	-999	2	-999	-999	24565000000	-999	-999	3326.392013	-999	-999	-999	-999	-999	-999	0	0.001345168	0.001264445	0.0001
-999	-999	2	-999	-999	-999	-999	-999	-999	-999	-999	-999	-999	-999	-999	0	-999	-999	0.0001
-999	-999	2	-999	-999	-999	-999	-999	-999	-999	-999	-999	-999	-999	-999	0	-999	-999	0.0001
5	3	2	2	109.32	26900000000	29161922	922.915849	453915.9114	64.24520769	-999	-999	-999	-999	13	2060	0.045879661	0.045735106	-999
5	4	6	2	41.7	3.51E+11	58558267	6001.401121	1222457.059	47.90210548	7.14001E+11	7.24101E+11	7.298E+11	7.30913E+11	7	706304	0.482618739	0.391643593	1.237577193
5	3	6	2	96.33	23064722446	17861034	1291.343068	753361.1701	23.70846111	56746553911	58735138124	61104990273	62147314843	10	15982	0.003399413	0.003036394	0.334154782
5	2	6	2	75.36	21440758800	14645473	1463.98541	392700.6699	37.29423992	41175457656	43112365756	45194552300	41533793474	17	8187	-999	-999	0.291926675
1	4	1	2	-999	5.13E+11	21540000	23798.85081	16513.60044	1304.379386	6.39933E+11	6.7001E+11	7.6503E+11	8.05503E+11	5	758	0.111804135	0.073727724	3.34317058
1	4	1	2	-999	2.04E+11	15620000	13086.41838	11756.66738	1328.607801	4.45884E+11	4.43625E+11	3.08797E+11	3.21194E+11	3	142	0.099340051	0.056506933	2.431979157
1	4	1	2	-999	5.09E+11	75920000	6701.279761	188018.577	403.7898873	7.99519E+11	8.1354E+11	7.50902E+11	7.99428E+11	1	339	1.04410849	0.64913848	1.041684871
1	4	1	2	-999	2.47E+11	37290000	6617.416955	156296.0184	238.5857323	3.25348E+11	3.7138E+11	3.68769E+11	3.87745E+11	2	134	0.659468716	0.453580072	0.974283738
-999	4	1	2	-999	2.49E+11	25400000	9821.140021	1142834.938	22.22543183	4.51935E+11	3.8496E+11	3.72989E+11	3.91978E+11	3	80	0.832753172	0.62216012	1.576634637
1	4	1	2	-999	3.61E+11	43520000	8295.186621	146798.5459	296.4607023	5.54617E+11	5.59859E+11	5.43293E+11	5.67258E+11	7	229	0.533286494	0.324772377	1.27816373
1	4	1	2	-999	1.7E+11	26910000	6315.64151	190417.148	141.3213058	3.68387E+11	3.57416E+11	2.60059E+11	2.67053E+11	2	137	0.426759963	0.215144403	1.163985292
1	4	1	2	-999	1.97E+11	37510000	5259.536587	451039.8617	83.1633813	3.83576E+11	3.80331E+11	2.96863E+11	3.09999E+11	4	559	0.75543198	0.320434254	0.913602522
1	4	1	2	-999	5.53E+11	24280000	22774.94449	8028.561974	3024.20285	7.02496E+11	7.32623E+11	8.32179E+11	8.68904E+11	4	386	-999	-999	3.229203293
1	4	1	2	-999	1.44E+12	80700000	17892.62791	102913.5667	784.1531742	1.9293E+12	2.05367E+12	2.15389E+12	2.26889E+12	0	632	0.031341252	0.014772303	2.604010718
1	4	1	2	-999	9.04E+11	58500000	15446.9813	104620.2143	559.1653618	1.17798E+12	1.2381E+12	1.34036E+12	1.41992E+12	4	1208	0.083721503	0.032454888	2.212119962
1	4	1	2	-999	5.38E+11	63660000	8449.320894	139693.7726	455.7110801	6.08484E+11	6.46167E+11	7.85941E+11	8.45189E+11	0	990	0.057133333	0.027186601	1.133278838
1	4	1	2	-999	6.14E+11	39730000	15464.89529	121638.2921	326.6241189	7.1825E+11	7.69672E+11	8.94017E+11	9.65453E+11	2	301	0.116317094	0.054862311	2.106337419
1	4	1	2	-999	3.59E+11	46660000	7689.763134	168028.4311	277.6911009	4.61181E+11	4.78474E+11	5.24945E+11	5.63798E+11	0	935	0.117843371	0.058448451	1.08679694
1	4	1	2	-999	1.03E+12	100700000	10228.04571	156289.6005	644.3167022	1.69586E+12	1.73713E+12	1.54016E+12	1.61841E+12	7	576	0.966766781	0.504932467	1.636432006
1	4	1	2	-999	7.86E+11	96400000	8157.315533	165598.1549	582.13209	1.00896E+12	1.06553E+12	1.15394E+12	1.23563E+12	3	1273	0.727388196	0.367318582	1.157695905
1	4	1	2	-999	6.64E+11	59270000	11205.97951	187169.493	316.6648531	8.1435E+11	8.485E+11	9.71065E+11	1.04364E+12	6	231452	0.067433947	0.034808022	1.551186749
1	4	1	2	-999	5.76E+11	69180000	8327.806897	212049.9832	326.2438362	7.86578E+11	8.10829E+11	8.39525E+11	9.05267E+11	0	1018	0.13907235	0.073433063	1.20779069
1	4	1	2	-999	1.56E+12	115210000	13544.3997	177552.1492	648.8797827	2.01572E+12	2.1454E+12	2.30958E+12	2.45197E+12	6	1443	0.123099376	0.048785902	1.936177464
1	4	1	2	-999	3.08E+11	49600000	6205.335437	237232.6509	209.0774596	4.5666E+11	4.43005E+11	4.53569E+11	4.83629E+11	2	252	0.00092423	0.000652047	0.92583867
1	4	1	2	-999	76941014493	9450000	8141.906296	34437.29616	274.4117876	1.01047E+11	1.06727E+11	1.13479E+11	1.20899E+11	2	170	-999	-999	1.169712484
1	4	1	2	-999	3.42E+11	31240000	10951.10783	82336.50715	379.4185724	4.42274E+11	4.64565E+11	4.98885E+11	5.3757E+11	0	579	0.004342574	0.002077942	1.555132537
1	4	1	2	-999	6.76E+11	83750000	8066.765304	485733.3105	172.4197171	8.2106E+11	8.84425E+11	9.91404E+11	1.06157E+12	5	560	0.117241813	0.099741897	1.121928856
1	4	1	2	-999	2.43E+11	36230000	6708.08482	175871.1746	206.0030593	2.93595E+11	3.23845E+11	3.5479E+11	3.81885E+11	1	146	0.013316593	0.006652808	0.93438726
1	4	1	2	-999	3.37E+11	48580000	6928.285034	383707.354	126.6069037	3.68676E+11	3.91659E+11	4.8252E+11	5.2887E+11	0	175	0.162211406	0.168385929	0.911756693
-999	4	1	2	-999	24606086957	3510000	7010.281184	1202733.829	2.918351439	28704734435	31352172687	35780981944	38664118825	-999	1	0.127380871	0.152894898	0.957991509
1	4	1	2	-999	3.74E+11	38760000	9644.325541	205343.1235	188.7572339	4.83633E+11	5.23735E+11	5.53261E+11	5.87383E+11	4	257	0.338942533	0.227943851	1.385456976
1	4	1	2	-999	1.26E+11	26470000	4773.410424	423978.8319	62.4323622	1.79506E+11	1.78412E+11	1.87273E+11	1.9854E+11	5	117	0.136236679	0.118793277	0.702428211
-999	4	1	2	-999	42984782609	6080000	7069.865561	696207.5094	8.733028469	64132361440	62775854692	63502178638	67542992324	-999	18	0.076383332	0.084019608	1.060663598
-999	4	1	2	-999	54325797101	6950000	7816.661453	51701.26394	134.426114	78993177480	82356732506	81115714147	85363393135	-999	75	0.072932022	0.067493429	1.179241069
1	4	1	2	-999	1.97E+11	25230000	7810.525772	1626711.505	15.50981838	2.40568E+11	2.60255E+11	2.96006E+11	3.09644E+11	3	903	0.385257244	0.356636053	1.096385846
3	1	3	1	-999	97281675000	1360301	71514.81547	16694.9771	81.47965655	87532615054	89618600000	90954235246	91934125104	8	14233	-999	-999	6.61691007
3	1	3	1	-999	6E+11	6724540	89167.08801	174598.8369	38.51423136	5.03017E+11	5.27707E+11	5.62152E+11	5.88602E+11	17	99874	0.105463503	0.080412604	8.110140435
3	1	3	1	-999	52169125000	989415	52727.24287	381033.0715	2.596664368	46548606357	47946850000	49523693401	50828037471	9	24712	0.046945197	0.038637423	4.923292734
3	1	3	1	-999	67518575000	1328361	50828.48337	83080.83567	15.98877755	60890019887	61671500000	63068795714	65022235467	6	6024	0.065701324	0.028422629	4.717327426
3	1	3	1	-999	57036775000	672591	84801.57332	184344.7497	3.648549801	51757697679	52607100000	54989199299	54905377551	9	34165	0.052568438	0.035982319	7.96395486
3	1	3	1	-999	53305750000	814180	65471.70159	196530.0136	4.142776898	49657548129	50342925000	52011684476	52754519626	6	35044	0.068432281	0.05421112	6.287512504
3	1	3	1	-999	39646200000	563626	70341.32563	252755.1821	2.229928563	36382679087	37271200000	38787875627	38811583125	9	9848	0.039284621	0.038665574	6.708940762
3	1	3	1	-999	3.47E+11	5686986	61070.32794	144234.4429	39.42876532	3.19398E+11	3.2061E+11	3.29772E+11	3.35511E+11	7	182687	0.228163274	0.087643359	5.738060138
3	1	3	1	-999	80910950000	1567582	51615.13082	214814.4209	7.297377863	70388471588	73286500000	77267500033	80335959813	13	55650	0.049190358	0.043080233	4.804827298
3	1	3	1	-999	34785100000	625741	55590.2522	25017.09703	25.0125344	32027771033	32040725000	32220739801	32659841397	11	1971	0.041404577	0.013937203	5.15185505
3	1	3	1	-999	3.81E+11	5303925	71806.24255	215792.8119	24.5787844	3.48191E+11	3.53416E+11	3.63356E+11	3.68504E+11	8	126591	0.189970391	0.104163668	6.756635841
3	1	3	1	-999	2.52E+11	3831074	65674.65155	249430.5098	15.35928385	2.18697E+11	2.27042E+11	2.364E+11	2.4353E+11	9	40443	0.048712419	0.05423236	6.040532409
3	1	3	1	-999	88594950000	1316470	67297.35581	23480.76676	56.06588633	80001255962	80838425000	82634236584	84146651123	12	9917	0.03834135	0.014030993	6.221573007
3	1	3	1	-999	1.95E+11	3046355	63941.56295	145227.9305	20.97637135	1.8336E+11	1.82151E+11	1.85764E+11	1.86912E+11	8	110250	0.163911382	0.097111462	6.057947773
3	1	3	1	-999	5.96E+11	6547629	90957.91774	21301.50078	307.3787649	5.29011E+11	5.39973E+11	5.57313E+11	5.72851E+11	6	146166	0.041426909	0.016723846	8.396739112
3	1	3	1	-999	1.27E+11	1826341	69557.91662	198347.8298	9.207769009	1.19101E+11	1.2095E+11	1.21831E+11	1.24838E+11	10	60308	0.098598749	0.076054481	6.662487939
3	1	3	1	-999	1.73E+12	19378102	89374.61471	124706.1658	155.3900874	1.57537E+12	1.60889E+12	1.6657E+12	1.70173E+12	4	488506	0.256829237	0.081828628	8.452454495
3	1	3	1	-999	8.14E+11	12702379	64044.19007	118112.3704	107.5448656	7.40701E+11	7.45141E+11	7.60431E+11	7.76553E+11	4	191333	0.33577047	0.115297458	5.949330172
3	1	3	1	-999	2.86E+11	3574097	79919.59228	12650.39752	282.5284339	2.71818E+11	2.7257E+11	2.73332E+11	2.76368E+11	18	64871	0.035143948	0.016182648	7.652898738
3	1	3	1	-999	63541100000	1052567	60367.74856	2859.2693	368.1244715	58622956863	58117225000	58543186158	59421146975	11	29123	0.005894208	0.003385694	5.574574231
3	1	3	1	-999	6.45E+11	8791894	73344.98971	19338.49483	454.631763	5.92557E+11	5.90697E+11	5.98848E+11	6.09522E+11	10	223223	0.059028623	0.031523792	6.80065212
3	1	3	1	-999	3.77E+11	6483802	58160.99104	92478.76325	70.11125335	3.43627E+11	3.50436E+11	3.59931E+11	3.64574E+11	9	152396	0.206731242	0.087687555	5.469664381
3	1	3	1	-999	1.78E+11	2700551	65769.76328	289896.5182	9.315568936	1.53144E+11	1.58503E+11	1.65279E+11	1.71108E+11	10	92064	0.034564197	0.032832861	5.999090709
3	1	3	1	-999	1.89E+11	2763885	68201.58943	219624.9802	12.58456573	1.60435E+11	1.67613E+11	1.77436E+11	1.84858E+11	8	98006	0.053552329	0.044817848	6.244310653
3	1	3	1	-999	3.14E+12	37253956	84218.41093	408937.0801	91.09948158	2.72187E+12	2.83104E+12	2.9065E+12	3.00813E+12	9	886939	0.209885867	0.16942005	7.695517145
3	1	3	1	-999	6.98E+11	11536504	60543.31321	106818.4228	108.0010704	6.33357E+11	6.42351E+11	6.59468E+11	6.67689E+11	9	188005	0.244603887	0.102090507	5.640499248
3	1	3	1	-999	8.97E+11	12830632	69920.44702	146360.2523	87.66473001	8.19225E+11	8.23776E+11	8.43144E+11	8.50341E+11	8	358799	0.263228296	0.129828608	6.5010158
3	1	3	1	-999	1.46E+11	601723	242959.4265	192.1954998	3130.786105	1.31938E+11	1.32854E+11	1.35574E+11	1.37683E+11	9	16498	0.000494855	0.000249535	22.35452183
3	1	3	1	-999	75415525000	897934	83987.8265	5473.702305	164.0450923	70601087561	69899450000	72476478385	74014886034	9	23375	0.011726094	0.007286566	7.990339546
3	1	3	1	-999	78189475000	1852994	42196.29152	63380.03407	29.23624178	71336887600	72853075000	75842842561	75725442218	12	20735	0.094065064	0.048689273	3.990275297
3	1	3	1	-999	4.28E+11	5773552	74189.79685	25321.23851	228.0122277	3.94988E+11	3.99738E+11	4.0213E+11	4.09765E+11	6	137236	0.051927836	0.025937407	6.956811143
3	1	3	1	-999	3.9E+11	5029196	77603.63187	268638.5715	18.72104952	3.33987E+11	3.48176E+11	3.63867E+11	3.77347E+11	11	88826	0.087519681	0.096499441	7.075566611
3	1	3	1	-999	2.15E+11	4339367	49470.61979	104129.0107	41.67298786	1.99563E+11	2.00346E+11	2.03058E+11	2.06827E+11	8	90996	0.172043369	0.079834285	4.66538654
3	1	3	1	-999	1.73E+11	2853118	60685.34495	211375.7415	13.49784975	1.62259E+11	1.63968E+11	1.6776E+11	1.69469E+11	5	73485	0.148817584	0.117552938	5.813441597
3	1	3	1	-999	5.54E+11	8001024	69267.51188	103469.9471	77.32703285	5.06009E+11	5.11876E+11	5.21211E+11	5.34743E+11	7	168260	0.145117382	0.081760719	6.479919165
3	1	3	1	-999	3.32E+11	5988927	55449.34426	180411.4824	33.19593033	3.03412E+11	3.05471E+11	3.10619E+11	3.15332E+11	11	163275	0.178905068	0.116333943	5.154657575
3	1	3	1	-999	3.66E+11	6392017	57288.62267	297502.2429	21.48560944	3.19007E+11	3.30147E+11	3.42633E+11	3.5539E+11	5	233912	0.117098508	0.108873878	5.268981586
3	1	3	1	-999	2.06E+11	3751351	54929.0309	183206.9603	20.47602883	1.81193E+11	1.85486E+11	1.94018E+11	1.93996E+11	6	110855	0.16334016	0.121279478	5.029467862
3	1	3	1	-999	5.88E+11	9535483	61634.10653	124336.669	76.69083527	5.30247E+11	5.41041E+11	5.5437E+11	5.68058E+11	5	250592	0.149005152	0.101354773	5.751455179
3	1	3	1	-999	3.8E+11	6346105	59900.98257	107921.6896	58.80286923	3.40793E+11	3.46283E+11	3.54375E+11	3.61596E+11	6	235861	0.144978847	0.074885378	5.527195758
3	1	3	1	-999	1.89E+12	25145561	75041.3224	686102.8944	36.64983956	1.59749E+12	1.66543E+12	1.75424E+12	1.77043E+12	10	868981	0.365467674	0.259684862	6.748289831
3	1	3	1	-999	1.04E+11	2059179	50506.29401	314501.3651	6.547440579	92974498702	94456675000	97772788397	1.00959E+11	5	38715	0.069375823	0.06336552	4.688313554
3	1	3	1	-999	2.31E+11	4779736	48322.39166	133599.8179	35.77651583	2.08341E+11	2.10896E+11	2.15935E+11	2.19064E+11	9	175674	0.135583939	0.084398248	4.46800569
3	1	3	1	-999	1.19E+11	2967297	40029.66336	123068.3379	24.11096998	1.08517E+11	1.09431E+11	1.1096E+11	1.11356E+11	5	112123	0.118095832	0.071301053	3.709306233
3	1	3	1	-999	6.16E+11	9687653	63620.49456	152954.8704	63.33667554	5.51581E+11	5.68399E+11	5.88146E+11	6.00813E+11	5	343750	0.175257614	0.109828158	5.958456247
3	1	3	1	-999	2.46E+11	4625364	53251.78191	79642.38015	58.07666711	2.17644E+11	2.23414E+11	2.29863E+11	2.37693E+11	10	166357	0.095340124	0.061453786	4.911039929
3	1	3	1	-999	1.33E+11	2915918	45673.72951	138553.0741	21.0454948	1.21457E+11	1.22978E+11	1.24816E+11	1.25743E+11	12	101596	0.121181185	0.08372794	4.243900028
3	1	3	1	-999	2.64E+11	4533372	58203.20393	119222.6903	38.02440618	2.27656E+11	2.35712E+11	2.47398E+11	2.46694E+11	14	177399	0.11090885	0.069473084	5.280069341
3	1	3	1	-999	1.09E+12	18801310	58152.90131	145866.1116	128.8942976	9.59458E+11	9.90097E+11	1.02609E+12	1.06247E+12	7	762533	0.115822377	0.077403786	5.36944888
3	1	3	1	-999	5.42E+11	9883640	54792.62701	149946.2319	65.91456068	4.98257E+11	5.01915E+11	5.09774E+11	5.15522E+11	12	167872	0.278353831	0.096154556	5.123285588
3	1	3	1	-999	55406075000	710231	78011.3442	1479821.395	0.47994373	50701292318	51736975000	53041288982	52221222085	7	11602	0.003692812	0.00583285	7.311029031
