106310
38041757
31825299
14872
0
2862427
76177
9770526
44780675
2957728
0
0
0
97115
25203200
8858775
10047719
11530577
11455519
11801151
25983
20321383
163046173
7000039
1641164
389486
3300998
0
9452409
390351
62508
11513102
211049519
287021
433296
763094
0
2303703
4745179
37411038
0
8544527
18952035
1433783692
25716554
25876387
86790568
5380504
0
50339443
850891
549936
5047561
11333484
163423
0
64948
875899
10649800
83019213
973557
71808
5806081
10738957
43053054
17373657
100388076
3497117
582458
46937060
1324820
112078727
5517919
889955
3372
67012883
48677
0
2172578
66647112
3996762
64468
30417858
33706
12771246
0
2347696
0
1355982
10724599
112002
56660
17581476
0
167295
782775
0
0
9746115
4076246
11263079
9772756
270625567
84589
1366417756
0
4904240
82913893
39309789
356991
8519373
60359546
2948277
107796
10101697
126860299
18551428
52573967
6415851
16486542
0
52834
51225321
4207077
7169456
6855709
4937374
6777453
182795
38378
21323734
2125267
2794184
613894
1919968
0
0
36471766
33085
4043258
26969306
530957
127575529
0
2077132
19658023
493559
54045422
622182
3225166
57213
30366043
4525698
4991
0
1269670
18628749
31949789
0
2494524
282757
23310719
0
200963603
6545503
0
17282163
5328212
28608715
0
4783062
4974992
216565317
4246440
0
32510462
108116622
0
8776119
37972812
2933404
0
10276617
7044639
4981422
279285
2832071
0
19414458
145872260
12626938
34268529
42813237
16296362
5804343
0
0
0
0
7813207
6453550
34453
15442906
0
6963764
11062114
215048
581363
5450421
2080908
10230185
1148133
42389
97741
17070132
38194
15946882
8082359
69625581
9321023
0
0
1293120
0
1394969
11694721
82003882
0
23773881
58005461
44269587
43993643
0
3461731
329064917
32981715
815
110593
28515829
30033
104579
96462108
0
0
0
0
0
0
1798506
0
0
0
29161922
58558267
17861034
14645473
21540000
15620000
75920000
37290000
25400000
43520000
26910000
37510000
24280000
80700000
58500000
63660000
39730000
46660000
100700000
96400000
59270000
69180000
115210000
49600000
9450000
31240000
83750000
36230000
48580000
3510000
38760000
26470000
6080000
6950000
25230000
1360301
6724540
989415
1328361
672591
814180
563626
5686986
1567582
625741
5303925
3831074
1316470
3046355
6547629
1826341
19378102
12702379
3574097
1052567
8791894
6483802
2700551
2763885
37253956
11536504
12830632
601723
897934
1852994
5773552
5029196
4339367
2853118
8001024
5988927
6392017
3751351
9535483
6346105
25145561
2059179
4779736
2967297
9687653
4625364
2915918
4533372
18801310
9883640
710231